m12=[0.458188641187321]
m13=[0.229909368955892]
m21=[0.240017348645548]
m23=[-1.27495077992867]
m31=[0.371262924705392]
m32=[-0.985617277479438]